2.447e+00 6.799e+00 6.624e+01 
1.812e+00 5.849e+00 9.277e+01 
2.598e+00 4.119e+00 6.038e+01 
3.473e+00 2.706e+00 8.460e+01 
1.716e+00 5.396e+00 5.319e+00 
1.716e+00 4.787e+00 1.107e+02 
3.529e+00 5.790e+00 1.001e+02 
2.717e+00 5.270e+00 5.915e+01 
1.481e+00 6.099e+00 1.330e+02 
2.493e+00 2.930e+00 1.469e+02 
1.487e+00 6.635e+00 1.962e+01 
1.484e+00 4.395e+00 6.186e+01 
2.192e+00 8.151e+00 6.154e+01 
3.672e-02 2.622e+00 5.300e+01 
2.251e-01 7.472e+00 1.415e+02 
1.388e+00 4.396e+00 9.031e+01 
9.372e-01 2.697e+00 8.677e+01 
2.264e+00 3.032e+00 -1.931e-01
1.042e+00 3.359e+00 1.318e+02 
5.377e-01 4.848e+00 3.804e+01 
3.416e+00 5.046e+00 1.030e+02 
1.724e+00 2.853e+00 1.139e+02 
2.018e+00 3.951e+00 1.680e+02 
5.253e-01 8.285e+00 3.456e+01 
1.406e+00 7.455e+00 -5.098e+01
2.061e+00 4.873e+00 1.092e+02 
7.990e-01 4.076e+00 1.900e+02 
2.326e+00 4.240e+00 1.619e+02 
1.349e+00 5.227e+00 1.105e+02 
1.658e+00 1.954e+00 7.542e+01 
1.348e+00 3.485e+00 1.404e+02 
3.802e+00 6.628e-01 5.132e+01 
1.937e+00 4.798e+00 1.238e+02 
8.923e-01 5.294e+00 1.253e+02 
2.773e+00 3.034e+00 1.530e+02 
7.292e-01 7.148e+00 2.380e+02 
2.159e+00 1.548e+00 1.196e+02 
-9.670e-031.071e+00 7.455e+01 
6.218e-01 4.449e+00 9.872e+01 
2.147e+00 6.094e+00 1.155e+01 
2.688e+00 7.368e+00 6.526e+01 
2.121e+00 3.082e+00 7.954e+01 
1.834e+00 6.157e+00 7.380e+01 
1.649e+00 3.923e+00 1.076e+02 
4.715e-01 3.655e+00 5.888e+01 
1.230e+00 5.767e+00 1.561e+02 
1.489e+00 5.305e+00 1.000e+02 
3.007e+00 8.472e-01 9.953e+01 
2.294e+00 6.953e+00 8.361e+01 
1.870e-01 6.760e+00 1.078e+02 
2.274e+00 2.749e+00 1.413e+02 
1.565e+00 4.792e+00 5.664e+01 
1.273e+00 4.988e+00 6.709e+01 
2.562e+00 4.521e+00 8.481e+01 
2.981e+00 2.899e+00 3.271e+01 
2.881e+00 2.657e+00 5.904e+01 
1.111e+00 3.949e+00 7.619e+01 
1.641e+00 6.345e+00 1.437e+02 
2.281e+00 5.087e+00 1.131e+02 
2.926e+00 3.259e+00 1.097e+02 
1.471e+00 5.543e+00 1.425e+02 
1.764e+00 -1.697e+009.313e+01 
8.437e-01 6.298e+00 1.195e+02 
7.538e-01 5.206e-01 9.484e+01 
2.763e+00 3.275e+00 1.133e+02 
3.306e+00 1.761e+00 7.086e+01 
1.878e+00 1.411e+00 -2.194e+01
2.954e+00 6.322e+00 9.329e+01 
2.312e+00 3.065e+00 1.711e+02 
1.305e+00 4.693e+00 1.463e+02 
2.311e+00 3.906e+00 1.483e+02 
3.488e+00 4.954e+00 1.618e+02 
1.914e+00 4.154e+00 1.044e+02 
3.515e+00 1.434e+00 1.099e+02 
-6.697e-015.993e+00 6.912e+01 
2.772e+00 3.012e+00 8.420e+01 
2.037e+00 8.868e-01 1.308e+02 
1.651e+00 3.144e+00 1.602e+02 
2.042e+00 7.002e+00 9.303e+01 
-3.757e-025.700e+00 7.749e+01 
1.730e+00 3.303e+00 1.000e+02 
2.307e+00 3.301e+00 1.301e+02 
3.428e+00 3.357e+00 2.781e+01 
1.432e+00 8.153e+00 -1.481e+01
1.142e+00 4.764e+00 7.247e+01 
1.448e+00 4.860e+00 3.896e+01 
2.865e+00 6.061e+00 7.459e+01 
2.279e+00 4.478e+00 9.261e+01 
1.420e+00 3.482e+00 7.734e+01 
2.463e+00 3.607e+00 1.726e+02 
2.047e+00 3.857e+00 1.163e+02 
2.919e+00 3.926e+00 1.150e+02 
1.248e+00 5.455e+00 1.311e+02 
1.622e+00 4.104e+00 4.306e+01 
1.558e+00 5.465e+00 1.520e+02 
4.865e-01 3.839e+00 9.621e+01 
2.246e+00 4.157e+00 1.335e+02 
2.211e+00 3.599e-03 4.641e+01 
1.955e+00 5.833e+00 2.231e+01 
1.715e+00 4.693e+00 1.409e+02 
5.346e-01 5.996e+00 1.188e+02 
1.529e+00 -1.793e+005.490e+01 
1.607e+00 8.177e+00 5.652e+01 
1.148e+00 3.721e+00 1.563e+02 
1.789e+00 6.216e+00 4.053e+01 
2.354e+00 1.920e+00 1.821e+02 
3.836e+00 5.226e+00 5.497e+01 
2.125e+00 1.893e+00 1.319e+02 
2.208e+00 2.752e+00 8.357e+01 
1.876e+00 7.828e+00 1.302e+02 
3.123e-02 3.619e+00 7.279e+01 
1.923e+00 4.435e+00 9.186e+01 
2.010e+00 5.740e+00 1.020e+02 
4.413e+00 4.991e+00 4.989e+01 
1.758e+00 4.301e+00 1.370e+02 
2.252e+00 4.730e+00 7.434e+01 
1.915e+00 8.807e+00 8.857e+01 
7.813e-01 3.885e+00 5.028e+01 
3.093e+00 4.402e+00 -2.812e+01
2.702e+00 6.101e+00 9.045e+01 
2.741e+00 6.211e+00 2.206e+02 
1.041e+00 6.374e+00 1.392e+02 
3.353e+00 5.277e+00 9.904e+01 
5.481e-01 1.714e+00 8.686e+01 
2.537e+00 7.267e+00 1.011e+02 
4.140e+00 1.707e+00 1.274e+02 
9.595e-01 4.605e+00 4.096e+01 
1.384e+00 2.491e+00 1.557e+02 
2.050e+00 3.872e+00 1.358e+02 
1.447e+00 4.658e+00 1.359e+02 
3.993e-01 4.643e+00 1.219e+02 
2.019e+00 4.844e+00 1.010e+02 
8.877e-01 7.227e+00 1.336e+02 
2.424e+00 4.907e+00 1.296e+02 
1.031e+00 3.512e+00 8.230e+01 
3.500e+00 5.928e+00 7.132e+01 
1.167e+00 6.379e+00 1.051e+02 
1.628e+00 1.545e+00 1.775e+02 
2.764e+00 5.195e+00 3.804e+01 
7.191e-01 5.402e+00 2.662e+01 
2.177e+00 3.405e+00 1.082e+02 
3.257e+00 6.751e+00 1.025e+02 
3.425e-01 3.700e+00 1.087e+02 
2.135e+00 4.251e+00 1.122e+02 
2.210e+00 3.654e+00 8.884e+01 
2.732e+00 4.031e+00 1.745e+02 
7.130e-01 1.807e+00 1.995e+01 
6.295e-01 1.120e+00 5.858e+01 
2.472e+00 7.189e+00 9.484e+01 
2.247e+00 2.306e+00 1.784e+01 
2.200e+00 2.017e+00 9.121e+01 
2.296e+00 -3.068e-011.831e+02 
1.270e+00 2.722e+00 1.010e+02 
2.182e+00 1.354e+00 1.115e+02 
2.243e+00 7.284e+00 3.699e+01 
1.236e+00 6.020e+00 6.918e+01 
3.816e+00 2.624e+00 8.124e+01 
2.424e+00 8.505e+00 8.411e+01 
7.587e-01 5.964e+00 1.641e+02 
2.607e+00 3.350e+00 1.279e+02 
9.753e-01 -9.988e-014.443e+01 
2.737e+00 8.582e+00 1.123e+02 
3.109e+00 1.221e+00 1.249e+02 
1.129e+00 7.092e-01 1.570e+02 
2.913e+00 6.045e+00 1.790e+02 
2.363e+00 8.880e+00 4.925e+01 
2.772e+00 6.769e+00 5.946e+01 
3.847e+00 5.128e+00 3.712e+01 
1.705e+00 5.190e+00 8.830e+01 
1.196e+00 5.707e+00 1.233e+02 
1.060e+00 5.518e+00 1.494e+02 
1.134e+00 4.562e+00 9.620e+01 
1.873e+00 4.208e+00 8.401e+01 
2.291e+00 3.875e+00 1.076e+02 
2.227e+00 2.492e+00 5.824e+01 
2.777e+00 3.439e+00 2.045e+02 
1.963e+00 6.141e-01 1.962e+01 
3.404e+00 3.803e+00 1.092e+02 
1.685e+00 2.023e+00 2.012e+02 
4.670e+00 1.793e+00 1.003e+02 
2.576e+00 4.360e+00 9.050e+01 
1.093e+00 6.784e+00 8.213e+01 
8.791e-01 5.837e+00 9.098e+01 
2.432e+00 8.590e-01 1.686e+02 
1.727e+00 2.021e+00 -1.059e+01
2.664e+00 5.882e+00 1.767e+02 
2.423e+00 2.035e+00 2.880e+01 
1.877e+00 3.551e+00 8.667e+01 
1.103e+00 5.100e+00 7.854e+01 
4.352e-01 2.063e+00 1.294e+02 
1.503e+00 4.211e+00 2.009e+01 
2.806e+00 1.332e+00 1.231e+02 
2.164e+00 2.797e+00 2.012e+02 
7.043e-01 4.640e+00 3.184e+01 
2.123e+00 8.140e-01 1.095e+02 
2.335e+00 4.881e+00 6.690e+01 
1.066e+00 3.961e+00 1.213e+02 
2.104e+00 5.105e+00 1.010e+02 
2.008e+00 4.448e+00 6.793e+01 
8.070e-01 6.728e+00 1.244e+02 
2.308e+00 4.250e+00 1.902e+02 
2.511e+00 3.141e+00 9.045e+01 
3.033e+00 4.245e+00 1.360e+02 
3.004e+00 5.087e+00 3.534e+01 
5.723e-01 4.098e+00 5.218e+01 
1.012e+00 4.081e+00 1.236e+02 
2.465e+00 2.596e+00 1.742e+02 
2.464e+00 2.674e+00 1.178e+02 
2.465e+00 1.195e+00 8.435e+01 
5.803e+00 7.499e+00 9.996e+01 
2.521e+00 1.512e+00 3.748e+01 
3.086e+00 2.614e+00 1.302e+02 
2.904e+00 2.563e+00 1.441e+02 
2.601e+00 5.790e+00 7.740e+01 
1.635e+00 3.410e+00 7.650e+01 
2.709e+00 6.495e+00 1.133e+02 
1.177e+00 2.653e+00 7.816e+01 
1.713e+00 4.558e+00 9.669e+01 
1.465e+00 2.329e+00 2.050e+02 
2.032e+00 8.290e+00 8.765e+01 
4.265e+00 1.625e+00 8.208e+01 
8.273e-02 4.620e+00 6.762e+01 
2.636e+00 5.268e+00 1.372e+02 
3.373e-01 4.828e+00 9.094e+01 
1.478e+00 3.629e+00 6.753e+01 
3.039e+00 3.740e+00 1.661e+02 
2.014e+00 4.088e+00 1.710e+02 
8.723e-01 3.706e+00 6.998e+01 
1.235e+00 5.928e+00 6.673e+00 
2.630e+00 8.421e+00 1.504e+02 
1.220e+00 2.885e+00 6.577e+01 
2.166e+00 1.260e+00 1.395e+02 
1.996e+00 3.823e+00 1.495e+00 
1.298e+00 9.159e+00 1.446e+02 
4.094e+00 2.393e+00 3.944e+01 
2.584e+00 7.278e+00 1.365e+02 
-7.514e-027.355e+00 1.007e+02 
2.136e+00 2.893e+00 5.230e+01 
1.288e+00 5.138e+00 7.965e+01 
2.802e+00 7.257e+00 1.343e+02 
1.157e+00 3.242e+00 1.053e+02 
1.835e+00 3.593e+00 1.292e+02 
2.455e+00 2.837e+00 1.988e+02 
2.816e+00 1.970e+00 2.179e+01 
7.497e-01 2.701e+00 1.809e+02 
1.615e+00 1.552e+00 1.052e+02 
1.475e+00 4.068e+00 5.506e+01 
1.297e+00 2.460e+00 3.348e+01 
3.715e+00 4.468e+00 9.054e+01 
2.355e+00 8.882e-01 1.461e+02 
6.891e-01 4.662e+00 9.362e+01 
2.868e+00 5.667e+00 1.756e+02 
4.072e+00 1.253e-02 2.744e+01 
2.982e+00 4.748e+00 9.940e+01 
4.306e-01 6.455e+00 3.738e+01 
1.466e+00 1.581e+00 1.182e+02 
3.217e+00 7.345e+00 1.443e+02 
1.242e+00 4.838e+00 7.896e+01 
2.394e+00 2.590e+00 -3.021e+01
2.725e+00 3.888e+00 1.099e+02 
1.023e+00 5.117e+00 1.218e+02 
1.890e+00 4.152e+00 1.202e+02 
-1.291e+005.078e+00 1.618e+02 
9.256e-01 2.159e+00 4.645e+01 
1.697e+00 4.339e+00 1.340e+02 
7.022e-01 1.173e+00 1.596e+02 
3.582e+00 3.778e+00 1.107e+01 
5.199e-01 2.192e+00 1.160e+02 
1.510e+00 2.529e+00 7.479e+01 
2.081e+00 6.472e+00 9.592e+01 
3.391e+00 6.183e+00 1.174e+02 
5.141e-01 5.218e+00 7.564e+01 
3.113e+00 1.815e+00 6.621e+01 
1.960e+00 3.367e+00 1.017e+02 
9.685e-01 6.426e+00 4.564e+01 
2.412e+00 4.283e+00 4.571e+01 
2.149e+00 8.639e+00 1.340e+02 
1.350e+00 4.787e+00 4.256e+01 
2.020e+00 4.384e+00 1.333e+02 
1.565e+00 3.382e+00 1.231e+02 
2.064e+00 4.267e+00 1.371e+01 
2.612e+00 3.695e+00 6.612e+01 
3.536e+00 5.416e+00 1.597e+02 
7.122e-01 5.913e+00 5.094e+01 
4.083e+00 2.428e+00 7.678e+01 
-2.088e-031.338e+00 1.231e+02 
1.798e+00 3.276e-01 1.392e+02 
2.538e+00 5.016e+00 8.742e+01 
2.231e+00 1.793e+00 7.012e+01 
1.327e+00 -3.058e-011.711e+02 
1.742e+00 4.777e+00 1.869e+02 
1.457e+00 8.986e+00 1.489e+02 
1.361e+00 3.988e+00 1.043e+02 
2.800e+00 5.677e+00 5.959e+01 
2.307e+00 4.164e+00 5.848e+01 
1.257e+00 3.802e+00 1.261e+02 
2.850e+00 5.838e+00 1.209e+02 
2.257e+00 3.419e+00 1.701e+02 
2.763e+00 4.535e+00 1.325e+02 
2.580e+00 4.643e+00 2.485e+01 
1.121e+00 2.664e+00 1.526e+02 
1.390e+00 5.984e+00 5.010e+01 
2.697e+00 3.650e+00 8.080e+01 
2.560e+00 2.489e+00 1.125e+02 
1.929e+00 5.073e+00 1.998e+02 
2.067e+00 2.203e+00 2.555e+02 
3.228e+00 4.056e+00 1.303e+02 
1.358e+00 3.982e+00 9.084e+01 
2.497e+00 6.172e+00 1.267e+02 
1.748e+00 4.949e+00 1.444e+02 
1.732e+00 3.950e+00 8.397e+01 
3.049e+00 5.636e+00 1.898e+02 
2.775e+00 6.780e+00 1.115e+02 
2.764e+00 5.116e+00 1.249e+02 
3.255e+00 4.021e+00 1.333e+02 
1.971e+00 1.376e+00 1.211e+02 
2.632e+00 1.870e+00 1.419e+02 
1.640e+00 3.390e+00 6.914e+01 
2.274e+00 2.781e+00 7.208e+01 
1.820e+00 3.626e+00 4.499e+01 
2.047e+00 4.113e+00 1.220e+02 
2.545e+00 5.059e+00 1.389e+02 
1.132e+00 3.859e+00 1.229e+02 
4.042e+00 4.973e+00 1.837e+02 
9.440e-01 4.129e+00 9.972e+01 
7.358e-01 4.907e-02 1.334e+02 
3.108e+00 2.121e+00 4.541e+01 
2.742e+00 3.712e+00 8.065e+01 
2.574e+00 1.581e+00 1.348e+02 
2.578e+00 5.200e+00 1.425e+02 
1.938e+00 7.062e+00 8.530e+01 
1.053e+00 6.438e+00 9.642e+01 
2.026e+00 3.573e+00 2.411e+01 
1.273e+00 6.981e+00 8.215e+01 
2.925e+00 4.297e+00 1.445e+02 
1.803e+00 3.326e+00 1.288e+02 
1.125e+00 2.773e+00 1.250e+02 
1.629e+00 3.395e+00 1.025e+02 
2.363e+00 3.224e+00 1.004e+02 
1.386e+00 4.341e+00 6.698e+01 
1.128e+00 4.321e+00 1.349e+02 
2.194e+00 4.006e+00 1.210e+02 
2.195e+00 4.874e+00 1.246e+02 
1.443e+00 6.381e+00 7.370e+01 
1.479e+00 5.899e+00 -7.667e+00
2.182e+00 1.030e+00 1.549e+02 
5.019e-01 -1.108e+007.606e+01 
5.425e-01 5.869e+00 5.686e+01 
1.232e+00 1.266e+00 1.347e+02 
1.737e+00 3.550e+00 8.040e+01 
2.261e+00 1.660e+00 1.530e+02 
3.425e+00 3.960e-01 1.309e+02 
2.808e+00 5.083e+00 1.342e+02 
1.790e+00 5.518e+00 3.170e+01 
1.931e+00 2.847e+00 1.606e+02 
9.475e-01 -1.182e+001.131e+02 
1.931e+00 2.908e+00 8.154e+01 
1.661e+00 4.784e+00 1.072e+02 
2.273e+00 1.042e+00 1.119e+01 
1.123e+00 4.367e+00 1.204e+02 
2.469e+00 3.969e+00 4.853e+01 
3.483e+00 5.159e+00 3.237e+01 
1.841e+00 4.239e+00 2.388e+01 
2.352e+00 2.054e+00 1.556e+02 
2.640e+00 6.393e+00 6.854e+01 
1.549e+00 3.683e+00 1.767e+02 
2.174e+00 3.945e+00 7.321e+01 
1.963e+00 2.133e+00 1.463e+01 
2.048e+00 3.113e+00 4.417e+01 
1.177e+00 2.230e+00 1.618e+02 
1.975e+00 3.654e+00 9.221e+01 
2.448e+00 7.423e+00 7.259e+01 
3.401e+00 1.256e+00 1.080e+02 
2.909e+00 7.729e-01 1.251e+02 
4.103e+00 6.942e+00 1.559e+02 
1.183e+00 3.581e+00 1.724e+02 
2.822e+00 2.662e+00 8.201e+01 
2.133e+00 6.080e+00 3.370e+01 
4.140e+00 2.789e+00 7.933e+01 
1.142e+00 7.652e+00 1.130e+02 
1.110e+00 5.356e+00 5.181e+01 
1.351e+00 3.024e+00 5.214e+01 
-1.739e-018.315e+00 1.172e+02 
1.424e+00 2.789e+00 9.757e+01 
1.191e+00 5.484e+00 1.016e+02 
2.100e+00 4.599e+00 6.208e+01 
2.292e+00 6.603e+00 8.848e+01 
3.826e+00 7.123e+00 5.379e+01 
2.900e+00 4.064e+00 1.445e+02 
1.373e+00 2.493e+00 1.518e+02 
1.052e+00 4.920e+00 7.691e+00 
2.442e+00 2.645e+00 5.352e+01 
6.298e-01 8.027e+00 2.517e+01 
3.781e+00 4.273e+00 6.750e+01 
3.129e+00 3.269e+00 9.583e+01 
1.481e+00 4.369e+00 2.752e+01 
2.369e-01 1.306e+00 5.391e+01 
3.304e+00 2.057e+00 4.980e+01 
1.835e+00 6.401e+00 1.104e+02 
3.188e+00 2.686e+00 1.035e+02 
3.556e-01 1.906e+00 6.391e+01 
1.351e+00 5.073e+00 1.088e+02 
1.955e+00 6.371e+00 7.267e+01 
1.997e+00 5.438e+00 8.642e+01 
1.500e+00 5.992e+00 1.837e+02 
2.573e+00 2.486e+00 1.670e+02 
8.824e-01 1.156e+00 3.502e+01 
1.808e+00 7.003e+00 1.415e+02 
2.070e+00 3.355e+00 1.406e+02 
2.464e+00 3.498e+00 4.259e+01 
2.662e+00 6.656e+00 1.409e+02 
8.254e-01 5.112e+00 1.769e+02 
4.159e-01 4.912e+00 4.387e+01 
3.228e+00 8.330e+00 5.412e+01 
2.282e+00 2.713e+00 1.509e+02 
1.202e+00 5.856e+00 1.136e+02 
3.501e+00 4.114e+00 1.276e+02 
2.066e+00 4.537e+00 1.170e+02 
3.129e+00 7.057e+00 1.195e+02 
2.018e+00 5.016e+00 3.368e+01 
4.011e+00 5.077e+00 1.524e+02 
3.705e+00 6.145e+00 1.585e+02 
1.701e+00 3.270e+00 8.853e+01 
2.922e+00 2.322e+00 9.783e+01 
2.595e+00 1.910e+00 2.344e+01 
3.319e+00 6.729e-02 1.257e+02 
9.851e-01 8.112e+00 1.286e+02 
2.636e+00 1.794e+00 9.689e+01 
3.008e+00 3.557e+00 1.562e+02 
1.913e-01 3.446e+00 8.330e+01 
7.667e-01 4.615e+00 1.282e+02 
-8.923e-025.631e+00 4.902e+01 
1.681e+00 5.721e+00 9.882e+01 
2.668e+00 2.834e+00 9.128e+01 
3.452e+00 3.666e+00 1.113e+02 
2.024e+00 4.565e+00 8.152e+01 
3.579e+00 3.503e+00 9.343e+01 
5.699e-01 7.215e+00 1.413e+02 
2.466e-01 4.982e+00 7.816e+01 
1.894e+00 5.470e+00 1.967e+01 
2.334e+00 5.326e+00 1.875e+02 
1.917e+00 6.347e+00 1.691e+02 
-1.174e-014.362e+00 3.539e+01 
1.861e+00 1.406e+00 1.345e+02 
6.455e-01 4.799e+00 7.485e+01 
2.620e+00 2.697e+00 1.132e+02 
2.317e+00 2.943e+00 1.147e+02 
1.010e+00 5.173e+00 8.828e+01 
1.436e+00 6.477e+00 6.081e+01 
8.908e-01 4.043e+00 6.547e+01 
1.887e+00 4.618e+00 5.419e+01 
2.905e+00 7.404e+00 5.841e+01 
9.643e-01 4.482e+00 9.664e+01 
2.454e+00 9.203e+00 6.421e+01 
1.420e+00 5.131e+00 1.341e+02 
1.157e+00 4.785e-01 1.744e+02 
1.843e+00 5.507e+00 7.100e+01 
9.148e-01 4.762e+00 1.120e+02 
1.396e+00 6.580e+00 1.250e+02 
7.521e-01 5.346e+00 1.236e+02 
3.915e+00 3.723e+00 1.038e+02 
1.985e+00 1.551e+00 1.371e+02 
1.250e+00 3.582e+00 1.241e+02 
2.164e+00 2.299e+00 3.812e+01 
1.838e+00 2.839e+00 1.435e+02 
1.729e+00 5.177e+00 1.444e+02 
2.564e+00 7.340e+00 6.184e+01 
2.708e+00 4.789e+00 1.019e+02 
1.419e+00 1.608e+00 1.342e+02 
1.374e+00 4.889e+00 8.953e+01 
1.675e+00 6.393e+00 1.536e+02 
-3.519e-012.780e+00 2.182e+02 
4.348e-01 3.732e+00 6.070e+01 
3.317e+00 4.029e+00 3.095e+01 
3.595e+00 2.430e+00 1.152e+02 
1.701e+00 5.297e+00 1.361e+02 
2.527e+00 3.758e+00 8.846e+01 
2.261e+00 4.839e+00 1.727e+02 
5.029e+00 2.225e+00 3.307e+01 
3.070e+00 3.125e+00 1.346e+02 
1.822e+00 5.445e+00 6.971e+01 
9.945e-01 3.254e+00 1.860e+02 
3.436e-01 7.454e+00 1.996e+02 
2.153e+00 3.201e+00 6.167e+01 
1.194e+00 4.449e+00 7.252e+01 
5.277e-01 5.865e+00 1.430e+02 
1.303e+00 1.163e+00 8.064e+01 
8.685e-01 4.784e-01 9.773e+01 
3.637e+00 9.487e-01 1.013e+02 
2.832e+00 6.525e+00 4.016e+00 
1.942e+00 2.896e+00 9.931e+01 
3.430e+00 9.116e+00 6.551e+01 
2.027e+00 2.872e+00 7.534e+01 
1.089e+00 4.369e+00 1.722e+02 
3.473e+00 7.084e+00 3.717e+01 
2.489e+00 8.012e+00 1.407e+02 
9.128e-01 8.123e+00 8.605e+01 
1.760e+00 6.417e+00 8.601e+01 
1.074e+00 6.048e+00 1.395e+02 
5.672e-01 5.185e+00 1.170e+02 
2.876e+00 5.557e+00 1.285e+02 
3.859e+00 2.898e+00 1.484e+02 
5.514e-01 2.364e+00 8.343e+01 
2.513e+00 3.993e+00 6.939e+01 
1.299e+00 3.660e+00 4.574e+01 
1.463e+00 3.094e+00 5.873e+01 
1.358e+00 5.393e+00 2.475e+02 
1.086e+00 5.911e+00 1.622e+02 
1.999e+00 4.177e+00 3.245e+01 
1.119e+00 6.955e+00 3.388e+01 
2.220e+00 1.717e+00 1.241e+02 
1.900e+00 3.613e+00 1.274e+02 
1.711e+00 2.566e+00 1.274e+02 
1.042e+00 2.669e-01 8.725e+01 
1.373e+00 3.835e+00 9.373e+01 
2.705e+00 3.757e+00 1.164e+02 
2.451e+00 7.027e+00 1.043e+02 
9.724e-01 5.262e+00 -1.097e+01
2.049e+00 1.952e+00 8.851e+01 
2.701e+00 7.708e+00 5.743e+01 
2.806e-01 6.442e+00 1.088e+02 
2.493e+00 5.164e+00 2.493e+02 
1.287e+00 3.547e+00 1.184e+02 
2.521e+00 2.081e+00 8.432e+01 
1.187e+00 3.256e+00 1.461e+02 
1.451e-01 6.177e+00 1.241e+02 
3.225e-01 7.769e+00 1.210e+02 
1.998e+00 7.086e+00 1.303e+02 
2.210e+00 3.022e+00 2.028e+02 
1.046e+00 1.761e+00 4.346e+01 
2.589e+00 4.282e+00 1.237e+02 
2.885e-01 4.631e-01 5.368e+01 
1.884e+00 4.646e+00 1.278e+02 
7.390e-01 3.705e+00 5.407e+01 
1.298e+00 3.068e+00 7.913e+01 
1.997e+00 8.106e-01 8.525e+01 
1.090e+00 5.027e+00 1.488e+02 
1.565e+00 2.935e+00 1.459e+02 
2.956e+00 1.660e+00 3.771e+01 
1.373e+00 -1.745e+001.027e+02 
2.786e+00 3.945e+00 6.452e+01 
8.203e-01 7.545e+00 3.707e+01 
2.480e+00 7.323e+00 8.915e+01 
3.392e+00 3.086e+00 8.458e+01 
-5.216e-012.796e+00 2.213e+02 
1.153e+00 4.938e+00 1.216e+02 
2.527e+00 2.003e+00 3.112e+01 
1.747e+00 4.604e+00 7.176e+01 
2.321e+00 5.532e+00 1.511e+02 
1.346e+00 6.454e+00 2.044e+02 
2.037e+00 3.800e+00 2.070e+01 
1.794e+00 3.593e+00 6.004e+00 
3.118e+00 2.244e+00 1.935e+02 
2.204e+00 2.346e+00 1.195e+02 
2.288e+00 3.547e+00 5.659e+01 
1.538e+00 4.735e+00 1.267e+02 
1.462e+00 5.827e+00 -3.179e+01
1.517e+00 2.394e+00 1.002e+02 
2.344e+00 6.985e+00 1.164e+02 
1.529e+00 3.458e+00 1.462e+02 
2.240e+00 3.957e+00 4.931e+01 
4.025e+00 2.506e+00 1.043e+02 
2.821e+00 -8.485e-015.373e+01 
1.624e+00 5.768e+00 1.128e+02 
3.151e+00 5.474e+00 5.523e+01 
1.542e+00 3.437e+00 7.959e+01 
-8.812e-024.134e+00 5.021e+01 
9.419e-01 5.032e+00 1.326e+02 
7.921e-02 8.749e-01 1.429e+02 
1.598e+00 2.942e+00 8.827e+01 
1.968e+00 5.589e+00 1.019e+02 
3.626e+00 1.491e+00 2.757e+01 
2.277e+00 4.587e+00 8.502e+01 
1.731e+00 1.287e+00 9.749e+01 
2.779e+00 4.933e+00 2.310e+02 
-2.611e-013.929e+00 4.440e+01 
2.186e+00 7.697e-01 1.732e+02 
2.721e+00 6.329e+00 1.498e+02 
4.714e-01 2.531e+00 1.140e+02 
3.094e+00 2.379e+00 1.879e+02 
2.288e+00 4.401e+00 1.186e+02 
1.535e+00 6.297e+00 1.195e+02 
2.583e+00 1.968e+00 9.734e+01 
4.221e+00 4.123e+00 1.612e+02 
2.132e+00 4.858e+00 1.548e+02 
2.198e+00 5.386e+00 6.872e+01 
1.491e+00 4.353e+00 3.404e+01 
1.100e+00 3.266e+00 8.985e+01 
2.780e+00 2.345e+00 6.000e+01 
1.094e+00 4.172e+00 9.682e+01 
2.022e+00 1.856e+00 1.619e+02 
1.472e+00 -1.843e+007.713e+01 
2.429e+00 4.873e+00 9.786e+01 
2.284e+00 5.808e+00 1.029e+02 
2.988e+00 -7.259e-011.424e+02 
1.440e+00 1.981e+00 -1.234e+01
1.680e+00 5.238e+00 6.966e+01 
9.712e-01 8.115e+00 1.106e+02 
1.506e+00 4.042e+00 1.600e+02 
2.327e+00 2.544e+00 7.540e+01 
2.707e+00 3.634e+00 6.172e+00 
1.028e+00 6.750e+00 1.310e+02 
2.820e+00 2.708e+00 6.823e+01 
3.306e+00 2.402e+00 4.052e+01 
2.363e+00 3.035e+00 6.878e+01 
3.827e+00 2.093e+00 9.077e+01 
1.176e+00 4.245e+00 6.976e+01 
7.053e-01 7.249e+00 -1.028e+01
1.713e-01 4.646e+00 1.449e+02 
3.446e+00 3.495e+00 1.637e+02 
2.604e+00 3.416e+00 1.326e+02 
1.894e+00 8.736e-01 4.312e+01 
2.230e+00 5.766e+00 8.993e+01 
8.245e-01 3.844e+00 9.967e+01 
4.396e+00 3.639e+00 1.299e+02 
2.079e+00 1.039e+01 1.334e+02 
2.059e+00 4.598e+00 6.329e+01 
2.676e+00 2.496e+00 1.041e+02 
2.431e+00 3.147e+00 1.229e+02 
2.174e+00 6.297e+00 1.728e+02 
1.160e+00 4.227e+00 1.352e+02 
2.421e+00 1.123e+00 1.395e+02 
3.832e+00 5.838e+00 1.042e+02 
3.295e+00 2.664e+00 1.705e+02 
3.543e+00 7.747e+00 1.205e+02 
1.439e+00 6.160e+00 5.695e+01 
9.604e-01 3.105e+00 1.702e+02 
1.824e+00 6.562e+00 1.349e+02 
2.006e+00 4.136e+00 7.785e+01 
3.044e+00 5.706e+00 7.603e+01 
2.575e-01 4.969e+00 1.148e+02 
3.480e+00 2.307e+00 1.232e+02 
1.792e+00 2.713e+00 1.099e+02 
1.523e+00 6.060e+00 1.156e+02 
9.379e-01 3.330e+00 1.850e+02 
2.951e-01 3.193e+00 1.536e+02 
2.773e+00 2.090e+00 1.095e+02 
2.023e+00 4.847e+00 1.471e+02 
6.600e-01 8.125e+00 4.837e+01 
6.549e-01 1.865e+00 1.199e+02 
1.614e+00 4.048e+00 1.905e+02 
3.619e+00 6.824e+00 8.910e+01 
1.690e+00 3.841e+00 5.762e+01 
4.469e-01 4.905e+00 6.740e+01 
1.704e+00 1.875e+00 4.552e+01 
1.677e+00 4.857e+00 6.076e+01 
-7.469e-013.626e+00 8.147e+01 
1.896e+00 5.971e+00 2.972e+01 
1.719e+00 6.375e+00 1.008e+02 
2.646e+00 9.179e+00 1.451e+02 
3.799e+00 5.159e+00 5.461e+01 
3.077e+00 4.652e+00 1.760e+02 
1.681e+00 4.389e+00 1.255e+02 
8.435e-01 3.294e+00 1.515e+02 
4.523e+00 4.677e+00 6.711e+01 
2.009e+00 3.409e+00 1.427e+02 
1.964e+00 4.337e+00 4.540e+01 
1.926e+00 6.635e+00 1.445e+02 
2.148e+00 1.987e+00 1.086e+02 
1.806e+00 6.280e+00 1.277e+02 
1.376e+00 6.634e+00 4.122e+01 
1.403e+00 3.764e+00 5.525e+01 
1.917e+00 -2.437e-011.299e+02 
1.407e+00 2.784e+00 5.258e+01 
1.237e+00 6.594e+00 1.232e+02 
2.056e+00 3.954e+00 3.164e+01 
1.695e+00 2.001e+00 1.424e+02 
3.454e+00 2.990e+00 3.837e+01 
-7.010e-015.681e+00 1.276e+02 
3.042e+00 5.093e+00 1.313e+02 
3.196e+00 3.522e+00 6.516e+01 
-1.234e-013.266e+00 1.291e+02 
1.607e+00 3.216e+00 1.130e+02 
1.579e+00 2.155e+00 7.306e+01 
5.425e-01 7.231e+00 4.957e+01 
1.172e+00 3.355e+00 1.869e+00 
8.394e-01 6.434e+00 1.175e+02 
3.702e+00 7.043e+00 2.176e+01 
2.886e+00 5.997e+00 1.048e+02 
3.222e+00 3.137e+00 8.683e+01 
2.672e+00 4.807e+00 1.340e+02 
8.209e-01 3.952e+00 8.490e+01 
1.425e+00 2.193e+00 8.353e+01 
2.439e+00 4.649e+00 1.366e+02 
7.279e-01 1.642e+00 1.168e+02 
2.663e+00 6.375e+00 1.158e+02 
1.710e+00 3.071e+00 1.235e+02 
1.575e+00 4.402e+00 2.322e+01 
2.661e+00 4.567e+00 1.378e+02 
2.394e+00 3.482e+00 1.306e+02 
1.589e+00 5.173e+00 4.917e+01 
3.109e+00 3.050e+00 8.780e+01 
8.689e-01 5.743e+00 9.803e+01 
2.566e+00 1.308e+00 9.328e+01 
2.543e+00 4.253e+00 1.167e+02 
1.640e+00 7.878e+00 1.716e+02 
2.276e+00 1.999e+00 1.541e+02 
6.989e-01 2.645e+00 3.439e+01 
2.874e+00 5.028e+00 1.311e+02 
1.765e+00 4.359e+00 1.664e+02 
1.427e+00 4.701e+00 1.193e+02 
2.999e+00 4.978e+00 1.545e+02 
1.246e+00 5.269e+00 2.006e+02 
5.415e-01 6.219e+00 1.512e+02 
3.934e-01 4.820e+00 1.125e+02 
2.556e+00 3.517e+00 1.523e+02 
6.696e-01 5.345e+00 1.072e+02 
3.705e+00 7.800e+00 1.012e+02 
-1.319e-013.735e+00 8.243e+01 
3.646e+00 2.051e+00 1.782e+02 
2.161e+00 6.214e+00 5.908e+01 
1.853e+00 3.759e+00 1.766e+02 
1.405e+00 -3.453e-011.250e+02 
2.349e+00 5.695e+00 3.003e+01 
1.912e+00 2.929e+00 1.184e+02 
3.053e+00 3.819e+00 -5.001e+00
2.064e+00 4.664e+00 1.313e+02 
2.100e+00 4.381e+00 1.443e+02 
1.586e+00 5.419e+00 7.038e+01 
1.893e+00 3.129e+00 1.062e+02 
2.258e+00 5.026e+00 1.977e+02 
2.398e-01 3.481e+00 7.471e+01 
6.018e-01 5.478e+00 4.705e+01 
2.693e+00 5.231e+00 1.741e+02 
2.121e+00 2.129e+00 1.981e+02 
1.766e+00 6.172e+00 1.002e+02 
1.968e+00 2.928e+00 1.506e+02 
2.298e+00 5.616e+00 1.671e+02 
1.410e+00 4.735e+00 6.288e+01 
1.172e+00 7.676e+00 7.573e+01 
2.146e+00 3.553e+00 1.615e+02 
9.716e-01 3.301e+00 1.843e+02 
2.358e+00 3.961e+00 1.281e+02 
2.474e-01 3.394e+00 5.601e+01 
2.979e+00 5.600e+00 1.994e+02 
2.423e+00 7.674e-01 7.345e+01 
2.206e+00 1.893e+00 8.324e+01 
2.933e+00 1.864e+00 1.171e+02 
3.615e+00 5.901e+00 1.777e+02 
2.964e+00 7.421e+00 1.427e+02 
1.091e-01 3.791e+00 1.207e+02 
6.704e-01 3.662e+00 1.232e+02 
1.325e+00 4.140e+00 1.022e+02 
1.976e+00 6.324e+00 1.279e+02 
2.468e+00 2.145e+00 -2.648e+01
1.224e+00 4.477e+00 8.517e+01 
2.137e+00 5.950e+00 1.121e+02 
1.195e+00 5.002e+00 4.245e+01 
1.338e+00 4.379e+00 1.193e+02 
5.433e-01 6.002e+00 8.978e+01 
1.027e+00 -1.406e+001.878e+02 
5.983e-01 5.356e+00 1.787e+02 
9.741e-01 2.692e+00 7.671e+01 
3.004e+00 3.387e-01 9.246e+01 
1.001e+00 5.022e+00 9.630e+01 
4.582e+00 6.747e+00 7.742e+01 
2.443e+00 3.725e+00 1.098e+02 
2.135e+00 5.906e+00 6.209e+01 
1.092e+00 7.225e+00 4.347e+01 
2.650e+00 6.630e+00 1.311e+02 
1.374e+00 7.280e+00 1.315e+02 
2.072e+00 5.484e+00 5.978e+01 
4.510e+00 4.151e+00 1.448e+02 
1.854e+00 7.961e-01 6.842e+01 
3.099e+00 3.508e+00 1.127e+02 
1.247e+00 2.314e+00 1.410e+02 
1.915e+00 8.342e+00 9.832e+01 
3.721e+00 3.648e+00 1.227e+02 
1.323e+00 4.246e+00 7.418e+01 
3.762e+00 5.103e+00 9.018e+01 
2.658e+00 4.087e+00 8.971e+01 
1.388e+00 7.390e+00 6.267e+01 
2.582e+00 2.755e+00 9.116e+01 
2.923e+00 4.389e+00 2.257e+01 
2.572e+00 2.515e+00 7.544e+01 
3.798e-01 1.360e+00 8.576e+01 
1.223e+00 2.776e+00 8.719e+01 
1.702e+00 3.926e+00 8.793e+01 
1.876e+00 3.141e+00 9.691e+01 
2.571e+00 2.615e+00 1.240e+02 
2.128e+00 1.187e+00 1.437e+02 
6.147e-01 3.834e+00 6.751e+01 
2.330e+00 9.906e-01 3.984e+01 
2.561e+00 5.520e+00 4.790e+01 
2.510e+00 4.165e+00 7.564e+01 
3.031e+00 1.085e+00 8.240e+01 
2.784e+00 3.382e+00 6.150e+01 
2.409e+00 2.496e+00 3.519e+01 
1.880e+00 4.638e+00 7.719e+01 
2.890e-01 6.681e+00 1.091e+02 
2.380e+00 2.497e-01 1.298e+02 
2.158e+00 4.230e+00 7.213e+01 
2.222e+00 3.680e+00 7.935e+01 
6.733e-01 5.343e+00 5.367e+01 
8.689e-01 4.426e+00 9.843e+01 
3.003e+00 2.496e+00 5.758e+01 
1.910e+00 3.362e+00 1.287e+02 
2.632e+00 2.408e+00 1.071e+01 
1.978e+00 6.152e+00 8.202e+01 
1.980e+00 4.043e+00 1.151e+02 
2.888e+00 7.802e+00 1.092e+02 
1.434e+00 3.879e+00 2.347e+02 
2.046e+00 2.583e+00 1.175e+02 
1.488e+00 9.726e-01 4.980e+01 
1.516e+00 3.937e-01 9.523e+01 
1.641e+00 8.317e-01 1.119e+01 
2.172e+00 4.534e+00 9.597e+01 
1.471e+00 5.017e+00 5.835e+01 
3.206e+00 8.376e-01 1.458e+02 
1.055e+00 5.790e+00 7.252e+01 
1.763e+00 3.034e+00 9.416e+01 
1.510e+00 4.294e+00 6.822e+01 
3.397e+00 7.224e+00 1.869e+02 
2.147e+00 5.794e+00 8.394e+01 
2.982e+00 3.463e+00 1.916e+02 
4.644e-01 2.218e+00 1.407e+02 
2.217e+00 -3.036e-011.241e+02 
2.840e+00 2.562e+00 1.184e+02 
2.032e+00 3.578e+00 1.197e+02 
3.015e+00 2.026e+00 3.616e+00 
1.433e+00 3.737e+00 8.606e+01 
3.359e+00 4.154e+00 1.423e+02 
4.249e+00 3.550e+00 9.756e+01 
1.587e+00 2.700e+00 2.974e+01 
1.504e+00 4.337e+00 9.738e+01 
3.403e+00 4.884e+00 1.852e+02 
3.530e+00 1.819e+00 1.623e+02 
1.427e+00 6.822e+00 9.690e+01 
1.530e+00 3.803e+00 1.476e+02 
1.668e+00 4.038e+00 8.167e+01 
6.055e-01 5.416e+00 1.481e+01 
1.031e+00 4.466e+00 5.378e+01 
9.459e-01 5.906e+00 1.781e+02 
1.182e+00 4.574e+00 8.630e+01 
1.915e+00 2.775e+00 8.783e+01 
2.184e+00 4.723e+00 8.501e+01 
3.501e+00 1.713e+00 1.952e+02 
9.516e-01 4.217e+00 1.813e+02 
2.934e+00 3.934e+00 2.109e+02 
1.736e+00 3.584e+00 9.205e+01 
1.901e+00 3.743e+00 1.148e+02 
2.625e+00 2.363e-01 2.417e+01 
8.273e-01 2.903e+00 1.738e+02 
2.332e+00 4.186e+00 4.161e+01 
2.116e+00 4.320e+00 1.108e+02 
2.442e+00 1.945e+00 4.513e+01 
2.239e+00 6.531e+00 7.056e+01 
4.405e+00 2.268e+00 5.814e+01 
1.312e+00 5.939e+00 6.961e+01 
1.419e+00 4.854e+00 7.304e+01 
1.327e+00 2.708e+00 7.259e+01 
1.395e+00 7.551e+00 1.417e+02 
1.313e+00 1.613e+00 4.476e+01 
3.139e+00 5.838e+00 1.110e+02 
3.371e+00 6.001e+00 1.609e+02 
1.379e+00 2.659e+00 7.434e+01 
1.118e+00 6.785e+00 6.410e+01 
2.421e+00 3.500e+00 8.847e+01 
1.398e+00 4.577e+00 1.590e+02 
2.583e+00 4.521e+00 1.097e+02 
2.153e+00 3.731e+00 7.344e+01 
4.343e-01 5.622e+00 1.242e+02 
3.498e+00 5.587e+00 4.489e+01 
3.746e+00 5.029e-01 1.341e+02 
1.337e+00 6.609e+00 1.204e+02 
1.562e+00 6.750e-01 8.461e+01 
2.236e+00 6.065e+00 5.807e+01 
2.284e+00 6.253e+00 5.567e+01 
2.609e+00 1.818e+00 1.267e+02 
3.960e+00 3.178e+00 1.614e+02 
1.773e+00 1.789e+00 6.813e+01 
1.152e+00 3.570e+00 1.229e+02 
5.707e-01 3.384e+00 -4.351e+00
1.219e+00 5.559e+00 7.077e+01 
1.917e+00 6.621e+00 9.845e+01 
3.745e+00 6.791e+00 5.452e+01 
1.432e+00 2.876e+00 5.317e+01 
2.174e+00 3.582e+00 6.661e+01 
1.934e+00 6.331e-01 1.146e+02 
3.138e+00 2.388e+00 9.063e+01 
4.477e+00 5.930e+00 -1.191e+01
1.419e+00 7.231e+00 -6.035e+00
1.461e+00 1.531e+00 6.966e+01 
2.994e+00 2.815e+00 1.229e+02 
2.632e+00 3.947e+00 -3.738e+01
3.797e+00 4.560e+00 7.501e+01 
2.534e+00 2.381e+00 7.369e+01 
1.591e+00 4.848e+00 1.694e+02 
2.541e+00 3.052e+00 8.075e+01 
3.059e+00 3.971e+00 1.191e+02 
2.770e+00 5.093e+00 1.071e+02 
2.457e+00 4.013e+00 -6.528e+00
3.017e+00 3.127e+00 1.384e+02 
3.119e+00 3.781e+00 1.108e+02 
3.332e+00 3.823e+00 1.254e+02 
2.599e+00 3.260e+00 2.963e+02 
1.783e+00 3.482e+00 -4.206e+00
2.097e+00 7.197e+00 1.862e+02 
3.157e+00 5.122e+00 8.563e+01 
1.133e+00 3.409e+00 1.144e+02 
2.319e+00 5.394e+00 9.772e+01 
1.557e+00 3.332e+00 7.879e+01 
1.979e+00 6.346e+00 7.151e+01 
3.228e+00 4.739e+00 1.165e+02 
2.141e+00 3.785e+00 2.414e+01 
1.996e+00 4.895e+00 1.375e+02 
5.901e-01 8.582e-01 7.919e+01 
2.696e+00 1.746e+00 4.350e+01 
2.595e+00 1.612e+00 7.750e+01 
4.113e+00 4.286e+00 1.629e+02 
1.642e+00 7.465e+00 7.323e+01 
2.169e+00 8.463e+00 1.179e+02 
2.199e+00 5.276e+00 6.345e+01 
3.527e+00 5.002e+00 1.379e+02 
1.855e+00 3.979e-01 1.343e+02 
2.229e+00 2.915e+00 1.924e+02 
2.558e+00 2.424e+00 9.122e+01 
2.137e+00 2.758e+00 1.334e+02 
1.504e+00 3.664e+00 1.049e+02 
2.144e+00 3.056e+00 1.648e+02 
3.024e+00 4.140e-02 6.406e+01 
9.235e-01 5.496e+00 1.373e+02 
2.083e+00 1.855e+00 9.027e+01 
1.250e+00 4.478e+00 9.679e+01 
3.145e+00 8.148e+00 1.046e+02 
4.268e-01 2.161e+00 1.126e+02 
1.391e+00 -1.061e+009.419e+01 
2.327e+00 3.428e+00 1.107e+02 
3.516e+00 6.202e+00 1.789e+02 
1.884e+00 7.917e+00 1.493e+02 
1.395e+00 1.541e+00 1.435e+02 
3.831e+00 4.993e+00 7.722e+01 
5.020e-01 3.069e+00 5.554e+01 
-2.488e-013.788e+00 1.478e+02 
2.390e+00 9.289e+00 1.438e+02 
1.448e+00 9.941e-01 1.736e+02 
9.288e-01 4.507e+00 6.980e+01 
2.658e+00 4.935e+00 8.852e+01 
2.194e+00 6.172e+00 1.803e+01 
1.386e+00 4.196e+00 8.038e+01 
6.697e-01 4.616e+00 1.498e+02 
2.822e+00 3.217e+00 7.668e+01 
2.600e+00 4.538e+00 1.320e+02 
1.851e+00 3.314e+00 9.047e+01 
3.797e+00 5.243e+00 1.162e+02 
8.799e-01 3.261e+00 4.262e+01 
4.245e-01 4.754e+00 1.043e+02 
1.258e+00 3.941e+00 -4.956e+01
1.904e+00 6.252e+00 9.066e+01 
2.193e+00 3.897e+00 1.848e+01 
1.709e+00 4.539e-01 1.603e+02 
2.302e+00 6.524e+00 1.389e+02 
6.985e-01 2.189e+00 1.233e+02 
3.394e+00 2.692e+00 1.761e+02 
1.868e+00 2.809e+00 5.255e+01 
3.067e+00 6.749e+00 1.874e+02 
2.293e+00 -2.713e-011.466e+02 
2.407e+00 1.028e+01 8.817e+01 
2.520e+00 6.112e+00 1.568e+02 
2.398e+00 4.446e+00 4.469e+01 
2.593e+00 3.890e+00 5.877e+01 
3.279e+00 4.571e+00 6.957e+01 
2.147e+00 5.042e+00 7.355e+01 
2.659e+00 5.290e+00 4.717e+01 
1.860e+00 5.111e+00 1.612e+02 
3.390e+00 4.179e+00 8.706e+01 
1.274e+00 3.605e+00 1.176e+02 
3.751e+00 3.697e+00 7.148e+01 
1.910e+00 3.610e+00 8.970e+00 
5.192e-01 6.268e+00 1.135e+02 
2.078e+00 5.187e+00 4.387e+00 
1.269e+00 -1.881e+009.657e+01 
2.791e+00 5.312e+00 3.158e+01 
1.297e+00 4.389e+00 1.994e+02 
1.504e+00 3.963e+00 1.456e+02 
6.046e-02 3.223e+00 1.053e+02 
1.498e+00 6.248e+00 1.632e+02 
-4.739e-015.895e+00 5.768e+01 
3.661e-01 2.454e+00 1.272e+02 
2.710e+00 4.814e+00 1.100e+02 
2.736e+00 2.057e+00 1.132e+02 
2.375e+00 1.241e+00 1.636e+02 
9.830e-01 2.747e+00 1.366e+02 
1.902e+00 5.725e+00 1.144e+02 
1.946e+00 5.906e+00 1.726e+01 
7.916e-01 5.026e+00 5.200e+01 
3.453e+00 5.450e+00 9.386e+01 
2.827e+00 5.032e+00 1.047e+02 
1.729e+00 2.717e+00 4.349e+01 
1.977e+00 4.864e+00 2.206e+02 
2.158e+00 5.601e+00 1.758e+02 
-9.173e-025.509e+00 1.301e+02 
1.703e+00 6.378e+00 1.036e+02 
1.268e+00 5.417e+00 8.939e+01 
9.484e-01 4.703e+00 5.240e+01 
1.669e+00 6.140e+00 1.039e+02 
3.748e+00 3.947e+00 1.129e+02 
2.591e+00 2.236e+00 3.791e+01 
1.379e+00 3.674e+00 1.167e+02 
2.523e+00 2.510e+00 9.224e+01 
